0,386
0,243
101,35
3,1
3,3
10,99
10,35
10,307
10,123
10,224
10,235
10,268
9,4
9,6
9,2
91,3
8,7
91,2
91,1
90,5
90,4
8,18
8,12
8,9
90,3
90,1
88,5
88,4
88,3
88,2
88,1
85,5
85,4
85,3
85,2
85,1
76,3
76,1
12,3
12,2
12,1
11,30
11,29
11,28
11,27
11,26
11,25
11,24
11,23
11,22
11,21
11,20
11,19
11,18
11,17
11,16
11,15
11,14
11,13
11,11
11,10
11,9
11,8
11,7
11,6
11,5
11,4
11,3
11,2
11,1
10,316
10,314
10,312
10,309
10,308
10,306
20,2
10,305
20,1
10,304
20,3
10,299
10,297
10,296
10,295
10,287
19,2
19,1
10,284
10,280
10,279
19,3
10,278
10,275
10,274
10,265
10,260
10,244
10,242
10,240
10,239
10,238
10,230
10,229
10,227
10,226
10,223
10,199
10,188
10,182
10,169
10,168
10,161
10,160
18,1
